BSOGEO 1
43
0 0 150 150 6
6000 3000 0 6000 3000 3000
0 0 150 150 6
0 6000 0 0 6000 3000
0 0 150 150 6
0 0 0 0 0 3000
0 0 150 150 6
0 6000 3000 0 0 3000
0 0 150 150 6
-6000 0 0 -6000 0 3000
0 0 150 150 6
-6000 0 3000 0 0 3000
0 0 150 150 6
9000 3000 0 9000 3000 3000
0 0 150 150 6
9000 0 0 9000 0 3000
0 0 150 150 6
6000 6000 0 6000 6000 3000
0 0 150 150 6
6000 3000 3000 6000 3000 6000
0 0 150 150 6
6000 0 3000 6000 0 6000
0 0 150 150 6
0 0 3000 0 0 6000
0 0 150 150 6
0 6000 3000 0 6000 6000
0 0 150 150 6
6000 3000 3000 6000 6000 3000
0 0 150 150 6
0 0 3000 6000 0 3000
0 0 150 150 6
6000 6000 3000 0 6000 3000
0 0 150 150 6
6000 0 0 6000 0 3000
0 0 150 150 6
6000 6000 3000 6000 6000 6000
0 0 150 150 6
-6000 6000 3000 -6000 0 3000
0 0 150 150 6
-6000 6000 3000 -6000 6000 6000
0 0 150 150 6
0 6000 3000 -6000 6000 3000
0 0 150 150 6
-6000 0 3000 -6000 0 6000
0 0 150 150 6
-6000 6000 0 -6000 6000 3000
2 0 150 0 9
6000 3000 0 0 6000 0 0 0 0
2 0 150 0 9
6000 3000 6000 6000 6000 6000 0 6000 6000
2 0 150 0 9
6000 3000 0 0 0 0 6000 0 0
2 0 150 0 9
6000 3000 6000 0 6000 6000 0 0 6000
2 0 150 0 9
6000 3000 6000 0 0 6000 6000 0 6000
2 0 150 0 9
9000 3000 0 6000 0 0 9000 0 0
2 0 150 0 9
6000 3000 0 6000 6000 0 0 6000 0
2 0 150 0 9
-6000 0 6000 0 0 6000 0 6000 6000
2 0 150 0 9
6000 3000 0 6000 0 0 9000 3000 0
2 0 150 0 9
6000 3000 3000 6000 0 3000 9000 3000 3000
2 0 150 0 9
-6000 6000 6000 -6000 0 6000 0 6000 6000
2 0 150 0 9
-6000 6000 0 -6000 0 0 0 6000 0
2 0 150 0 9
-6000 0 0 0 0 0 0 6000 0
2 0 150 0 9
9000 3000 3000 6000 0 3000 9000 0 3000
2 1 150 0 12
-6000 0 6000 0 0 6000 0 6000 6000 -6000 6000 6000
2 1 150 0 12
-6000 0 0 0 0 0 0 6000 0 -6000 6000 0
2 1 150 0 12
6000 0 0 9000 0 0 9000 3000 0 6000 3000 0
2 1 150 0 12
6000 0 3000 9000 0 3000 9000 3000 3000 6000 3000 3000
2 1 150 0 12
0 0 0 6000 0 0 6000 6000 0 0 6000 0
2 1 150 0 12
0 0 6000 6000 0 6000 6000 6000 6000 0 6000 6000
BSOGEO 1
53
1 0 47.434166 47.434166 6
5000 0 3000 5000 0 6000
1 0 47.434166 47.434166 6
3000 0 0 3000 0 3000
1 0 47.434166 47.434166 6
5000 3000 0 5000 3000 3000
1 0 47.434166 47.434166 6
3000 3000 0 3000 3000 3000
1 0 47.434166 47.434166 6
0 3000 0 0 3000 3000
0 0 150 150 6
3000 3000 3000 3000 3000 6000
0 0 150 150 6
3000 0 3000 3000 0 6000
1 0 47.434166 47.434166 6
5000 3000 3000 5000 3000 6000
1 0 47.434166 47.434166 6
0 3000 3000 0 3000 6000
1 0 47.434166 47.434166 6
0 0 0 0 0 3000
1 0 47.434166 47.434166 6
5000 0 0 5000 0 3000
1 0 47.434166 47.434166 6
0 0 3000 0 0 6000
1 0 47.434166 47.434166 6
3000 3000 3000 0 3000 6000
1 0 47.434166 47.434166 6
0 3000 3000 3000 3000 6000
1 0 47.434166 47.434166 6
0 0 3000 3000 0 6000
1 0 47.434166 47.434166 6
3000 0 3000 0 0 6000
1 0 47.434166 47.434166 6
3000 0 3000 5000 0 6000
1 0 47.434166 47.434166 6
5000 0 3000 3000 0 6000
1 0 47.434166 47.434166 6
5000 3000 3000 3000 3000 6000
1 0 47.434166 47.434166 6
3000 3000 3000 5000 3000 6000
1 0 47.434166 47.434166 6
5000 0 3000 5000 3000 6000
1 0 47.434166 47.434166 6
5000 3000 3000 5000 0 6000
1 0 47.434166 47.434166 6
0 3000 3000 0 0 6000
1 0 47.434166 47.434166 6
0 0 3000 0 3000 6000
1 0 47.434166 47.434166 6
5000 3000 0 3000 3000 3000
1 0 47.434166 47.434166 6
3000 3000 0 5000 3000 3000
1 0 47.434166 47.434166 6
3000 0 0 5000 0 3000
1 0 47.434166 47.434166 6
5000 0 0 3000 0 3000
1 0 47.434166 47.434166 6
5000 0 0 5000 3000 3000
1 0 47.434166 47.434166 6
5000 3000 0 5000 0 3000
1 0 47.434166 47.434166 6
0 3000 0 0 0 3000
1 0 47.434166 47.434166 6
0 0 0 0 3000 3000
1 0 47.434166 47.434166 6
3000 3000 0 0 3000 3000
1 0 47.434166 47.434166 6
0 3000 0 3000 3000 3000
1 0 47.434166 47.434166 6
0 0 0 3000 0 3000
1 0 47.434166 47.434166 6
3000 0 0 0 0 3000
2 0 150 0 9
3000 3000 6000 0 3000 6000 3000 0 6000
2 0 150 0 9
3000 3000 6000 3000 0 6000 5000 3000 6000
2 0 150 0 9
3000 0 6000 5000 0 6000 5000 3000 6000
2 0 150 0 9
3000 0 6000 0 3000 6000 0 0 6000
2 0 150 0 9
3000 0 0 5000 0 0 5000 3000 0
2 0 150 0 9
3000 0 3000 0 3000 3000 0 0 3000
2 0 150 0 9
3000 3000 0 0 3000 0 3000 0 0
2 0 150 0 9
3000 3000 3000 0 3000 3000 3000 0 3000
2 0 150 0 9
3000 3000 0 3000 0 0 5000 3000 0
2 0 150 0 9
3000 3000 3000 3000 0 3000 5000 3000 3000
2 0 150 0 9
3000 0 0 0 3000 0 0 0 0
2 0 150 0 9
3000 0 3000 5000 0 3000 5000 3000 3000
2 1 150 0 12
0 0 6000 3000 0 6000 3000 3000 6000 0 3000 6000
2 1 150 0 12
0 0 3000 3000 0 3000 3000 3000 3000 0 3000 3000
2 1 150 0 12
3000 0 3000 5000 0 3000 5000 3000 3000 3000 3000 3000
2 1 150 0 12
3000 0 6000 5000 0 6000 5000 3000 6000 3000 3000 6000
2 1 150 0 12
0 0 0 5000 0 0 5000 3000 0 0 3000 0
BSOGEO 1
20
0 0 150 150 6
6000 0 0 6000 0 3000
0 0 150 150 6
6000 3000 0 6000 3000 3000
2 0 150 0 12
0 3000 0 0 0 0 0 0 3000 0 3000 3000
2 0 150 0 12
3000 3000 0 0 3000 0 0 3000 3000 3000 3000 3000
2 0 150 0 12
0 0 0 3000 0 0 3000 0 3000 0 0 3000
2 0 150 0 9
0 3000 3000 0 0 3000 3000 3000 3000
2 0 150 0 9
6000 3000 0 3000 3000 0 6000 0 0
2 0 150 0 9
6000 3000 3000 3000 3000 3000 6000 0 3000
2 0 150 0 9
6000 0 0 3000 3000 0 3000 0 0
2 0 150 0 9
0 3000 0 0 0 0 3000 3000 0
2 0 150 0 9
6000 0 3000 3000 3000 3000 3000 0 3000
2 0 150 0 9
0 0 3000 3000 0 3000 3000 3000 3000
2 0 150 0 9
0 0 0 3000 0 0 3000 3000 0
2 1 150 0 12
0 3000 0 0 0 0 0 0 3000 0 3000 3000
2 1 150 0 12
0 0 0 3000 0 0 3000 3000 0 0 3000 0
2 1 150 0 12
3000 3000 0 0 3000 0 0 3000 3000 3000 3000 3000
2 1 150 0 12
0 0 0 3000 0 0 3000 0 3000 0 0 3000
2 1 150 0 12
0 0 3000 3000 0 3000 3000 3000 3000 0 3000 3000
2 1 150 0 12
3000 0 0 6000 0 0 6000 3000 0 3000 3000 0
2 1 150 0 12
3000 0 3000 6000 0 3000 6000 3000 3000 3000 3000 3000
BSOGEO 1
20
0 0 150 150 6
0 0 0 0 0 3000
0 0 150 150 6
3000 0 0 3000 0 3000
0 0 150 150 6
6000 0 0 6000 0 3000
0 0 150 150 6
3000 3000 0 3000 3000 3000
0 0 150 150 6
0 3000 0 0 3000 3000
0 0 150 150 6
6000 3000 0 6000 3000 3000
1 0 47.434166 47.434166 6
3000 0 0 3000 3000 3000
1 0 47.434166 47.434166 6
3000 3000 0 3000 0 3000
2 0 150 0 9
0 3000 0 0 0 0 3000 3000 0
2 0 150 0 9
0 0 3000 3000 0 3000 3000 3000 3000
2 0 150 0 9
6000 0 0 3000 3000 0 3000 0 0
2 0 150 0 9
6000 0 3000 3000 3000 3000 3000 0 3000
2 0 150 0 9
0 3000 3000 0 0 3000 3000 3000 3000
2 0 150 0 9
6000 3000 0 3000 3000 0 6000 0 0
2 0 150 0 9
6000 3000 3000 3000 3000 3000 6000 0 3000
2 0 150 0 9
0 0 0 3000 0 0 3000 3000 0
2 1 150 0 12
3000 0 3000 6000 0 3000 6000 3000 3000 3000 3000 3000
2 1 150 0 12
3000 0 0 6000 0 0 6000 3000 0 3000 3000 0
2 1 150 0 12
0 0 0 3000 0 0 3000 3000 0 0 3000 0
2 1 150 0 12
0 0 3000 3000 0 3000 3000 3000 3000 0 3000 3000
